-1.786567869710379205e-06
-9.598466945598696794e-06
-4.260827993401922543e-12
4.851196148075980794e-06
-7.915199164294415922e-06
-3.646801981499081837e-12
2.159460291032547544e-06
9.561355069760452642e-06
-1.419879218384206796e-12
-4.624731907272519904e-06
8.054600730855818197e-06
-1.351482281369475614e-12
7.035437089215393472e-06
-1.787158788270178332e-06
-5.980047146982830968e-12
1.961504325691678370e-07
2.861480222954887435e-06
1.884351446915293824e-12
-7.031326231363310103e-06
-4.674733319737649396e-06
1.010552087030241347e-13
-7.184128771321017690e-06
1.890410475742608741e-06
-1.112787222338144664e-12
6.965938500418773920e-06
4.616963347616629116e-06
-1.466817385272248433e-12
-3.426816526998629902e-07
-2.947595759706504595e-06
8.237732555319324007e-13
